1462895.0000000000
733809.0625000000 490780.4166666666
422228.4960937500 318368.3072916667 306874.1666666667
336251.5368652344 307592.5504557292 306874.1666666667 306874.1666666667
314252.1834564209 306919.0656534831 306874.1666666667 306874.1666666667 306874.1666666667
308720.7755041122 306876.9728533427 306874.1666666667 306874.1666666667 306874.1666666667 306874.1666666667
307335.9504160285 306874.3420533339 306874.1666666667 306874.1666666667 306874.1666666667 306874.1666666667 306874.1666666667
306989.6208252572 306874.1776283334 306874.1666666667 306874.1666666667 306874.1666666667 306874.1666666667 306874.1666666667 306874.1666666667
306903.0307201424 306874.1673517709 306874.1666666667 306874.1666666667 306874.1666666667 306874.1666666667 306874.1666666667 306874.1666666667 306874.1666666667
306881.3827121499 306874.1667094857 306874.1666666667 306874.1666666667 306874.1666666667 306874.1666666667 306874.1666666667 306874.1666666667 306874.1666666667 306874.1666666667
306875.9706800446 306874.1666693428 306874.1666666666 306874.1666666666 306874.1666666666 306874.1666666666 306874.1666666666 306874.1666666666 306874.1666666666 306874.1666666666 306874.1666666666
306874.6176701366 306874.1666668339 306874.1666666666 306874.1666666666 306874.1666666666 306874.1666666666 306874.1666666666 306874.1666666666 306874.1666666666 306874.1666666666 306874.1666666666 306874.1666666666
306874.2794175420 306874.1666666772 306874.1666666668 306874.1666666668 306874.1666666668 306874.1666666668 306874.1666666668 306874.1666666668 306874.1666666668 306874.1666666668 306874.1666666668 306874.1666666668 306874.1666666668
306874.1948543859 306874.1666666672 306874.1666666665 306874.1666666665 306874.1666666665 306874.1666666665 306874.1666666665 306874.1666666665 306874.1666666665 306874.1666666665 306874.1666666665 306874.1666666665 306874.1666666665 306874.1666666665
306874.1737135964 306874.1666666666 306874.1666666666 306874.1666666666 306874.1666666666 306874.1666666666 306874.1666666666 306874.1666666666 306874.1666666666 306874.1666666666 306874.1666666666 306874.1666666666 306874.1666666666 306874.1666666666 306874.1666666666
306874.1684283991 306874.1666666667 306874.1666666667 306874.1666666667 306874.1666666667 306874.1666666667 306874.1666666667 306874.1666666667 306874.1666666667 306874.1666666667 306874.1666666667 306874.1666666667 306874.1666666667 306874.1666666667 306874.1666666667 306874.1666666667
